#timestamp x y z qx qy qz qw
1305031453.359684 0.000000 -0.000000 -0.000001 -0.000000 -0.000001 -0.000000 1.000000
1305031453.391690 0.003953 0.010459 -0.005613 0.001351 0.007309 0.013311 0.999884
1305031453.423683 0.010052 0.013171 -0.011387 0.002421 0.012800 0.021537 0.999683
1305031453.459685 0.012863 0.019133 -0.019021 0.008062 0.018674 0.031470 0.999298
1305031453.491698 0.014870 0.021876 -0.035357 0.012340 0.025831 0.042273 0.998696
1305031453.523684 -0.002158 0.027351 -0.044476 0.019726 0.036917 0.050180 0.997863
1305031453.559753 0.001681 0.038236 -0.056005 0.029776 0.036801 0.058909 0.997140
1305031453.591640 0.007751 0.046347 -0.077561 0.037004 0.038499 0.062130 0.996639
1305031453.627706 -0.001197 0.053446 -0.096057 0.043704 0.042561 0.065292 0.996000
1305031453.659600 -0.007349 0.062439 -0.116613 0.051533 0.040394 0.061986 0.995927
1305031453.691678 -0.011291 0.079118 -0.133706 0.060633 0.035908 0.058169 0.995817
1305031453.727652 -0.022651 0.083161 -0.144254 0.065068 0.030403 0.052505 0.996035
1305031453.759694 -0.034874 0.087227 -0.154392 0.069659 0.022395 0.044535 0.996325
1305031453.791716 -0.038642 0.099469 -0.168044 0.075169 0.009305 0.036944 0.996443
1305031453.827773 -0.047386 0.104284 -0.179569 0.077409 0.003066 0.031432 0.996499
1305031453.859705 -0.059432 0.111980 -0.194989 0.080902 -0.005838 0.023728 0.996422
1305031453.891710 -0.061340 0.119174 -0.209302 0.079588 -0.025024 0.017166 0.996366
1305031453.927723 -0.073613 0.128961 -0.211075 0.077477 -0.043438 0.013163 0.995960
1305031453.959641 -0.081448 0.139132 -0.209085 0.075313 -0.062468 0.005763 0.995185
1305031453.991624 -0.108327 0.141108 -0.188642 0.074048 -0.074414 -0.005036 0.994462
1305031454.027662 -0.119344 0.139583 -0.202102 0.075322 -0.086045 -0.014542 0.993333
1305031454.059654 -0.123554 0.149461 -0.219372 0.077905 -0.097364 -0.026011 0.991854
1305031454.091651 -0.132705 0.137343 -0.229230 0.075332 -0.110529 -0.040744 0.990176
1305031454.127701 -0.146557 0.136950 -0.234260 0.078550 -0.122655 -0.054262 0.987847
1305031454.159672 -0.158700 0.143981 -0.235511 0.080990 -0.136305 -0.067258 0.985057
1305031454.191658 -0.169337 0.146799 -0.231130 0.079206 -0.153812 -0.080886 0.981593
1305031454.227671 -0.175353 0.135181 -0.228593 0.078116 -0.173848 -0.099039 0.976661
1305031454.259627 -0.177907 0.142397 -0.229124 0.084810 -0.187829 -0.112653 0.972027
1305031454.291639 -0.185577 0.150283 -0.228233 0.085041 -0.195756 -0.124384 0.969008
1305031454.327699 -0.203750 0.141302 -0.231262 0.083203 -0.204267 -0.141401 0.965069
1305031454.359636 -0.208713 0.148199 -0.229984 0.090886 -0.216432 -0.154369 0.959722
1305031454.391677 -0.214898 0.155483 -0.230777 0.093434 -0.224627 -0.165885 0.955665
1305031454.427465 -0.227919 0.158091 -0.234833 0.094989 -0.235932 -0.181990 0.949838
1305031454.459913 -0.228601 0.162178 -0.231078 0.098377 -0.247910 -0.197235 0.943378
1305031454.491617 -0.232319 0.175390 -0.231789 0.101211 -0.252604 -0.212719 0.938455
1305031454.527700 -0.231952 0.176519 -0.229969 0.101273 -0.260682 -0.228039 0.932624
1305031454.559575 -0.239804 0.190076 -0.230956 0.100140 -0.265627 -0.240284 0.928266
1305031454.591635 -0.246999 0.196736 -0.234376 0.097351 -0.276184 -0.256978 0.920982
1305031454.627580 -0.248345 0.202198 -0.233427 0.096134 -0.290192 -0.268904 0.913366
1305031454.659528 -0.247981 0.212443 -0.237903 0.090364 -0.302806 -0.275230 0.907960
1305031454.691884 -0.250590 0.216220 -0.239292 0.083533 -0.316657 -0.282767 0.901551
1305031454.727659 -0.243990 0.218227 -0.232166 0.078017 -0.333582 -0.285184 0.895157
1305031454.759732 -0.233740 0.221987 -0.231101 0.073311 -0.340101 -0.280570 0.894560
1305031454.791641 -0.228634 0.224167 -0.230770 0.068449 -0.342924 -0.273850 0.895949
1305031454.827570 -0.217434 0.234723 -0.227198 0.064179 -0.345097 -0.267325 0.897400
1305031454.859620 -0.210854 0.239190 -0.225483 0.057286 -0.342270 -0.261394 0.900690
1305031454.891764 -0.210044 0.249618 -0.224514 0.055240 -0.335915 -0.255231 0.904968
1305031454.927567 -0.207909 0.253028 -0.228926 0.050394 -0.330194 -0.248894 0.909112
1305031454.959648 -0.207388 0.266135 -0.229447 0.046438 -0.323267 -0.244497 0.912997
1305031454.991937 -0.216270 0.286762 -0.237242 0.044200 -0.316738 -0.240563 0.916435
1305031455.027799 -0.212433 0.286796 -0.234587 0.043633 -0.317663 -0.237480 0.916946
1305031455.059636 -0.218665 0.298644 -0.245100 0.043113 -0.312349 -0.235273 0.919362
1305031455.091700 -0.223809 0.308341 -0.250166 0.046423 -0.308574 -0.232934 0.921070
1305031455.127695 -0.234999 0.316387 -0.257564 0.049259 -0.303490 -0.229808 0.923394
1305031455.159720 -0.243805 0.328068 -0.264398 0.048711 -0.297285 -0.225396 0.926523
1305031455.191655 -0.253019 0.335232 -0.270620 0.043934 -0.291677 -0.220945 0.929611
1305031455.227581 -0.262908 0.343767 -0.274519 0.042961 -0.287469 -0.214120 0.932560
1305031455.259631 -0.268531 0.353482 -0.278281 0.041621 -0.282505 -0.209212 0.935248
1305031455.291831 -0.280174 0.359137 -0.282978 0.030670 -0.276054 -0.202531 0.939061
1305031455.327766 -0.295391 0.381493 -0.289124 0.026855 -0.271277 -0.193745 0.942418
1305031455.359630 -0.297799 0.381340 -0.287026 0.020292 -0.271311 -0.188187 0.943697
1305031455.391665 -0.310472 0.383589 -0.295435 0.005920 -0.263601 -0.182562 0.947180
1305031455.427642 -0.328142 0.393641 -0.300997 -0.003009 -0.256256 -0.174222 0.950774
1305031455.459589 -0.346927 0.400392 -0.307852 -0.009910 -0.253940 -0.163020 0.953331
1305031455.491637 -0.359180 0.405027 -0.316884 -0.014103 -0.250881 -0.148999 0.956378
1305031455.527610 -0.377538 0.403839 -0.327750 -0.020253 -0.247170 -0.135292 0.959267
1305031455.559669 -0.393481 0.406737 -0.340026 -0.023552 -0.245535 -0.122931 0.961273
1305031455.591645 -0.405227 0.414302 -0.348081 -0.026148 -0.245906 -0.109565 0.962726
1305031455.627617 -0.419166 0.405994 -0.356375 -0.035569 -0.244342 -0.098031 0.964065
1305031455.659615 -0.437385 0.402175 -0.370923 -0.032946 -0.240322 -0.093164 0.965650
1305031455.691605 -0.453051 0.404210 -0.383539 -0.027605 -0.237648 -0.094097 0.966389
1305031455.727628 -0.467784 0.398762 -0.397280 -0.025819 -0.234659 -0.099831 0.966593
1305031455.759683 -0.487423 0.405635 -0.408869 -0.026535 -0.228616 -0.099781 0.968026
1305031455.791666 -0.502229 0.393935 -0.422300 -0.024843 -0.221461 -0.100851 0.969622
1305031455.827590 -0.516296 0.394657 -0.439900 -0.020353 -0.217430 -0.100497 0.970675
1305031455.859526 -0.531588 0.392768 -0.451080 -0.021357 -0.213546 -0.101230 0.971440
1305031455.891657 -0.539962 0.387198 -0.461269 -0.020819 -0.210472 -0.101786 0.972064
1305031455.927955 -0.551935 0.381290 -0.473812 -0.021563 -0.205722 -0.104183 0.972810
1305031455.959716 -0.559231 0.381886 -0.486309 -0.018696 -0.203417 -0.106329 0.973122
1305031456.027770 -0.578995 0.379997 -0.511054 -0.024529 -0.188996 -0.113305 0.975111
1305031456.059713 -0.596172 0.365967 -0.517402 -0.036519 -0.183049 -0.123000 0.974695
1305031456.091707 -0.612927 0.351960 -0.523636 -0.044377 -0.176891 -0.129453 0.974670
1305031456.127645 -0.629477 0.351869 -0.527416 -0.045803 -0.171168 -0.130254 0.975519
1305031456.159731 -0.634599 0.331555 -0.529558 -0.049088 -0.166450 -0.130839 0.976097
1305031456.191658 -0.647482 0.327385 -0.532010 -0.045869 -0.158208 -0.128231 0.977969
1305031456.227678 -0.656940 0.338276 -0.536097 -0.038696 -0.147386 -0.125377 0.980337
1305031456.291675 -0.680445 0.317686 -0.535854 -0.041138 -0.123694 -0.119162 0.984281
1305031456.391619 -0.721866 0.311625 -0.531973 -0.032744 -0.084781 -0.105896 0.990215
1305031456.427662 -0.741626 0.314284 -0.528751 -0.023333 -0.071746 -0.098711 0.992252
1305031456.491677 -0.786032 0.335718 -0.522282 -0.024269 -0.057322 -0.087199 0.994244
1305031456.527641 -0.795047 0.333006 -0.512053 -0.031576 -0.058600 -0.081561 0.994443
1305031456.591651 -0.815829 0.328221 -0.501076 -0.034010 -0.054016 -0.069776 0.995518
1305031456.627612 -0.827968 0.347977 -0.493200 -0.041707 -0.046946 -0.064945 0.995911
1305031456.691612 -0.864691 0.325345 -0.470969 -0.061833 -0.032737 -0.050004 0.996295
1305031456.727693 -0.881736 0.338351 -0.463267 -0.063898 -0.029183 -0.039950 0.996729
1305031456.791649 -0.912497 0.331463 -0.438770 -0.069071 -0.037314 -0.024194 0.996620
1305031456.827603 -0.911383 0.347892 -0.430704 -0.067808 -0.042944 -0.014255 0.996672
1305031456.891672 -0.932377 0.336562 -0.408263 -0.080764 -0.039589 -0.002677 0.995943
1305031456.927690 -0.941068 0.347673 -0.402055 -0.073897 -0.034557 0.005316 0.996653
1305031456.959667 -0.964109 0.377570 -0.394707 -0.069537 -0.025909 0.011804 0.997173
1305031456.991709 -0.972333 0.365142 -0.385706 -0.081307 -0.020352 0.012527 0.996403
1305031457.027648 -0.984583 0.362714 -0.382853 -0.083433 -0.014524 0.015026 0.996294
1305031457.091655 -1.007025 0.361868 -0.381465 -0.097820 -0.002775 0.022898 0.994937
1305031457.127632 -1.021593 0.354237 -0.379822 -0.103068 0.005282 0.026516 0.994307
1305031457.227543 -1.068969 0.353839 -0.384208 -0.102989 0.031874 0.044157 0.993191
1305031457.291656 -1.096454 0.346018 -0.399198 -0.093213 0.048540 0.053551 0.993019
1305031457.327548 -1.101102 0.344499 -0.413575 -0.089941 0.058897 0.059473 0.992424
1305031457.391684 -1.146753 0.327783 -0.422394 -0.087538 0.086133 0.070369 0.989933
1305031457.427641 -1.168214 0.325258 -0.438619 -0.083352 0.096668 0.077974 0.988751
1305031457.491705 -1.196987 0.313834 -0.452614 -0.081996 0.101816 0.085740 0.987704
1305031457.527638 -1.210218 0.309398 -0.461660 -0.078043 0.104820 0.088609 0.987457
1305031457.591678 -1.240414 0.306991 -0.484624 -0.068554 0.118311 0.095423 0.986001
1305031457.627526 -1.254009 0.295306 -0.491395 -0.069662 0.120199 0.098278 0.985414
1305031457.659632 -1.274945 0.299753 -0.499308 -0.063334 0.123496 0.102331 0.985021
1305031457.691570 -1.286726 0.291195 -0.502854 -0.069887 0.124355 0.104970 0.984192
1305031457.727669 -1.301645 0.269357 -0.502569 -0.074584 0.126450 0.104054 0.983677
1305031457.759556 -1.316258 0.254977 -0.508381 -0.073440 0.129634 0.102273 0.983535
1305031457.791567 -1.319944 0.234768 -0.511554 -0.069255 0.131585 0.101241 0.983687
1305031457.827699 -1.341399 0.241720 -0.519891 -0.054105 0.142624 0.100453 0.983179
1305031457.859623 -1.356686 0.229415 -0.525091 -0.054076 0.151232 0.100367 0.981902
1305031457.891593 -1.375858 0.206106 -0.523181 -0.050317 0.160567 0.100598 0.980595
1305031457.927633 -1.399186 0.208789 -0.531019 -0.034256 0.167612 0.102766 0.979884
1305031457.991644 -1.424662 0.193884 -0.528459 -0.023478 0.171278 0.107910 0.979014
1305031458.027845 -1.436704 0.184062 -0.524477 -0.014405 0.175763 0.108516 0.978327
1305031458.059689 -1.459240 0.192326 -0.521615 -0.002442 0.182180 0.110246 0.977062
1305031458.091690 -1.474514 0.190687 -0.515097 -0.001871 0.187740 0.111500 0.975868
1305031458.127605 -1.487686 0.180591 -0.505478 -0.004608 0.193707 0.111598 0.974681
1305031458.159638 -1.514798 0.170220 -0.487117 -0.004165 0.199919 0.112547 0.973318
1305031458.191646 -1.534983 0.175383 -0.471299 -0.001370 0.203324 0.116661 0.972136
1305031458.227611 -1.550772 0.166457 -0.456079 -0.008927 0.202248 0.117441 0.972226
1305031458.259934 -1.559034 0.131623 -0.438673 -0.018757 0.199653 0.116944 0.972682
1305031458.291664 -1.587330 0.134783 -0.423696 -0.007344 0.197322 0.116751 0.973334
1305031458.327628 -1.599974 0.129952 -0.412040 -0.006020 0.192234 0.119815 0.973989
1305031458.359590 -1.603642 0.107759 -0.395079 -0.002569 0.187815 0.122131 0.974578
1305031458.391626 -1.619512 0.115425 -0.381336 0.013244 0.186758 0.123879 0.974474
1305031458.427598 -1.623620 0.114278 -0.361418 0.021821 0.187275 0.131857 0.973173
1305031458.459637 -1.614599 0.105030 -0.347663 0.031199 0.190119 0.138456 0.971448
1305031458.491696 -1.622491 0.101588 -0.334240 0.051931 0.202458 0.135964 0.968415
1305031458.527737 -1.638957 0.136231 -0.308081 0.079311 0.216893 0.131933 0.963982
1305031458.559628 -1.647185 0.142220 -0.288613 0.087176 0.226546 0.128004 0.961609
1305031458.591641 -1.663780 0.146006 -0.264264 0.097961 0.234888 0.119975 0.959603
1305031458.627659 -1.674222 0.174638 -0.244212 0.106627 0.235638 0.114278 0.959190
1305031458.659623 -1.690637 0.173042 -0.214961 0.098898 0.235122 0.114260 0.960147
1305031458.691674 -1.693770 0.177337 -0.192071 0.093754 0.220399 0.109978 0.964645
1305031458.727650 -1.680407 0.174406 -0.170599 0.090465 0.201686 0.102361 0.969877
1305031458.791632 -1.677324 0.201532 -0.140028 0.099925 0.169530 0.081723 0.977034
1305031458.827564 -1.665646 0.196276 -0.132782 0.092112 0.157836 0.080496 0.979859
1305031458.891665 -1.656615 0.192919 -0.115798 0.097690 0.154629 0.069405 0.980678
1305031458.927621 -1.676417 0.201201 -0.106214 0.098154 0.163936 0.073355 0.978831
1305031458.959617 -1.676496 0.192767 -0.091043 0.089505 0.170408 0.087704 0.977373
1305031459.027665 -1.713324 0.160241 -0.058539 0.096208 0.181302 0.089864 0.974576
1305031459.059631 -1.736212 0.148022 -0.045503 0.104073 0.177029 0.099033 0.973664
1305031459.127618 -1.783947 0.126842 -0.008522 0.128134 0.145388 0.113572 0.974446
1305031459.159639 -1.791773 0.123164 -0.000610 0.137261 0.119287 0.116505 0.976400
1305031459.191674 -1.798969 0.125300 0.009940 0.144357 0.101162 0.123227 0.976597
1305031459.227607 -1.806259 0.125863 0.008422 0.147311 0.088681 0.134745 0.975848
1305031459.259760 -1.806338 0.132996 0.021320 0.148808 0.085409 0.144536 0.974510
1305031459.327632 -1.801265 0.142403 0.053415 0.147444 0.108035 0.167300 0.968814
1305031459.359651 -1.820436 0.144706 0.063886 0.152853 0.137925 0.188045 0.960339
1305031459.391667 -1.830767 0.188557 0.090864 0.162525 0.163577 0.201742 0.951908
1305031459.427646 -1.823015 0.196146 0.109093 0.153981 0.193373 0.236113 0.939759
1305031459.459679 -1.851038 0.174465 0.090806 0.146795 0.229797 0.279025 0.920755
1305031459.527594 -1.889626 0.193774 0.124091 0.137550 0.277733 0.333025 0.890527
1305031459.559647 -1.918397 0.165430 0.122774 0.127246 0.299978 0.360826 0.873857
1305031459.591695 -1.938534 0.166318 0.131309 0.126917 0.309591 0.376784 0.863759
1305031459.627608 -1.945807 0.152892 0.134616 0.121491 0.311747 0.387565 0.858980
1305031459.659641 -1.955190 0.149517 0.140247 0.121235 0.319758 0.388637 0.855581
1305031459.691604 -1.968858 0.143253 0.144883 0.114690 0.331587 0.393307 0.849827
1305031459.727551 -1.979675 0.131904 0.149710 0.106107 0.340919 0.397405 0.845331
1305031459.791650 -2.008797 0.109332 0.167584 0.103363 0.354329 0.388686 0.844210
1305031459.827664 -2.021798 0.091578 0.178456 0.102014 0.355441 0.388061 0.844194
1305031459.859660 -2.040195 0.074788 0.193326 0.096463 0.356885 0.388127 0.844207
1305031459.927607 -2.058045 0.037038 0.209808 0.090997 0.350486 0.396490 0.843609
1305031459.991725 -2.068888 0.016932 0.221366 0.086769 0.347796 0.405470 0.840894
1305031460.027565 -2.070219 -0.003698 0.231008 0.084610 0.346586 0.410722 0.839063
1305031460.059659 -2.079771 -0.014959 0.239748 0.084522 0.348059 0.411659 0.838002
1305031460.091717 -2.087520 -0.036873 0.251978 0.087092 0.344278 0.417979 0.836170
1305031460.127690 -2.086447 -0.044328 0.261401 0.093702 0.335255 0.426708 0.834712
1305031460.159678 -2.089965 -0.052081 0.266449 0.102465 0.327994 0.432805 0.833427
1305031460.191559 -2.086200 -0.063834 0.269388 0.102665 0.319965 0.441820 0.831792
1305031460.227761 -2.076544 -0.076029 0.276595 0.102979 0.318216 0.445553 0.830431
1305031460.327512 -2.079122 -0.107397 0.288993 0.103107 0.343133 0.445825 0.820286
1305031460.391611 -2.074930 -0.121621 0.300386 0.097231 0.361631 0.450984 0.810175
1305031460.427477 -2.078836 -0.140762 0.303316 0.095859 0.373082 0.455343 0.802673
1305031460.459620 -2.080062 -0.151496 0.316417 0.093270 0.385651 0.459169 0.794819
1305031460.491504 -2.082096 -0.157217 0.319107 0.086727 0.398508 0.464770 0.785913
1305031460.559647 -2.075480 -0.179986 0.324939 0.070873 0.418199 0.478208 0.769028
1305031460.591855 -2.078174 -0.198463 0.337037 0.065573 0.427442 0.478899 0.763969
1305031460.627625 -2.076297 -0.202900 0.340858 0.062485 0.437260 0.480197 0.757833
1305031460.659764 -2.074201 -0.225197 0.355177 0.059718 0.446413 0.479591 0.753088
1305031460.691671 -2.081134 -0.229633 0.371062 0.057427 0.453900 0.478895 0.749224
1305031460.727675 -2.076118 -0.243540 0.377397 0.051790 0.455785 0.479674 0.747991
1305031460.759667 -2.073497 -0.251334 0.386277 0.047872 0.461118 0.477836 0.746158
1305031460.791660 -2.073710 -0.261087 0.391080 0.043094 0.467185 0.477513 0.742874
1305031460.827660 -2.073105 -0.275889 0.408098 0.038367 0.467906 0.475991 0.743656
1305031460.859714 -2.070874 -0.282231 0.415754 0.032080 0.470661 0.474107 0.743419
1305031460.891774 -2.062010 -0.300786 0.420636 0.019759 0.475691 0.473280 0.741170
1305031460.927562 -2.061464 -0.311513 0.434736 0.014993 0.478060 0.472391 0.740325
1305031460.991668 -2.040754 -0.337951 0.446229 0.006201 0.482397 0.476780 0.734803
1305031461.027620 -2.032595 -0.353375 0.456246 0.007862 0.485707 0.477376 0.732215
1305031461.091728 -2.023495 -0.365299 0.472901 0.009584 0.485000 0.476616 0.733158
1305031461.127586 -2.012361 -0.372257 0.477537 0.006092 0.485027 0.475104 0.734158
1305031461.159720 -2.003628 -0.385162 0.484420 0.006476 0.486164 0.473715 0.734300
1305031461.192013 -2.000576 -0.381731 0.491248 0.010429 0.487410 0.467889 0.737159
1305031461.227607 -1.997270 -0.387601 0.497902 0.011015 0.488724 0.465845 0.737574
1305031461.259642 -1.990254 -0.401730 0.501794 0.009861 0.489951 0.462591 0.738824
1305031461.291656 -1.985554 -0.399474 0.506235 0.012034 0.489842 0.456680 0.742532
1305031461.327751 -1.981943 -0.398374 0.507695 0.013313 0.491674 0.451575 0.744419
1305031461.359709 -1.980395 -0.399215 0.519608 0.009338 0.497139 0.447600 0.743249
1305031461.391708 -1.963081 -0.412225 0.527946 -0.002122 0.495789 0.450956 0.742177
1305031461.427624 -1.953571 -0.412959 0.529064 -0.004667 0.497199 0.449027 0.742393
1305031461.459781 -1.954774 -0.403411 0.533267 -0.004791 0.497111 0.449754 0.742010
1305031461.491677 -1.934146 -0.415890 0.528819 -0.011829 0.494494 0.453657 0.741304
1305031461.527705 -1.935741 -0.407353 0.531016 -0.005792 0.497108 0.449798 0.741978
1305031461.559677 -1.932868 -0.403383 0.522383 -0.005351 0.495396 0.447482 0.744523
1305031461.591690 -1.929467 -0.395711 0.513709 -0.006097 0.502031 0.442638 0.742966
1305031461.627541 -1.929064 -0.394434 0.512177 -0.007977 0.507456 0.441624 0.739860
1305031461.659622 -1.927738 -0.391787 0.507147 -0.011583 0.510949 0.441484 0.737488
1305031461.691563 -1.929916 -0.382922 0.507629 -0.009519 0.512933 0.445417 0.733766
1305031461.727602 -1.922246 -0.384144 0.501757 -0.012130 0.511955 0.452000 0.730377
1305031461.759684 -1.925097 -0.371581 0.494454 -0.010811 0.512754 0.453189 0.729100
1305031461.791612 -1.926128 -0.359664 0.486152 -0.012025 0.513168 0.457565 0.726049
1305031461.827615 -1.927083 -0.351224 0.476814 -0.012508 0.515958 0.461701 0.721432
1305031461.859767 -1.946578 -0.313691 0.461600 -0.005197 0.517793 0.465961 0.717456
1305031461.891723 -1.946897 -0.310558 0.468647 -0.008553 0.520876 0.475787 0.708690
1305031461.927758 -1.948419 -0.298518 0.457404 -0.008335 0.515527 0.486508 0.705317
1305031461.959703 -1.951462 -0.283320 0.437719 -0.011603 0.516746 0.490015 0.701943
1305031461.991590 -1.961922 -0.265429 0.451444 -0.019307 0.524584 0.494005 0.693107
1305031462.059837 -1.962906 -0.258546 0.461785 -0.029810 0.520217 0.519145 0.677476
1305031462.091777 -1.964805 -0.246965 0.453801 -0.028274 0.511524 0.531851 0.674299
1305031462.127739 -1.969956 -0.235738 0.451240 -0.029410 0.507611 0.540178 0.670577
1305031462.159646 -1.967447 -0.239193 0.453873 -0.033247 0.505404 0.547121 0.666424
1305031462.191641 -1.972839 -0.226952 0.456245 -0.035060 0.503554 0.547361 0.667533
1305031462.227633 -1.981464 -0.221604 0.455004 -0.042866 0.502974 0.550437 0.664980
1305031462.259765 -1.984616 -0.218088 0.456235 -0.050239 0.501830 0.549689 0.665947
1305031462.291629 -1.990307 -0.210547 0.458162 -0.056276 0.499460 0.546594 0.669781
1305031462.327540 -1.996521 -0.198706 0.460420 -0.064628 0.494470 0.544731 0.674233
1305031462.359732 -2.007699 -0.193469 0.459354 -0.073771 0.494241 0.540107 0.677176
1305031462.391695 -2.010889 -0.190773 0.462592 -0.084527 0.487462 0.539667 0.681172
1305031462.427635 -2.022917 -0.176949 0.463454 -0.093459 0.480664 0.536586 0.687243
1305031462.459897 -2.027850 -0.171613 0.466460 -0.100331 0.472147 0.533435 0.694592
1305031462.492008 -2.034155 -0.164040 0.468735 -0.108552 0.461174 0.530937 0.702596
1305031462.527670 -2.044823 -0.166580 0.480891 -0.118331 0.458235 0.527715 0.705362
1305031462.559862 -2.047930 -0.158696 0.479453 -0.121833 0.444799 0.524083 0.715994
1305031462.591862 -2.054630 -0.154770 0.468769 -0.125956 0.439295 0.517024 0.723769
1305031462.627851 -2.062827 -0.149478 0.462839 -0.126067 0.433122 0.508620 0.733361
1305031462.659660 -2.074368 -0.131254 0.452693 -0.126862 0.431789 0.499073 0.740534
1305031462.692548 -2.085611 -0.131285 0.453088 -0.125790 0.431134 0.488669 0.747999
1305031462.727652 -2.097687 -0.123033 0.452841 -0.124735 0.423928 0.478137 0.759020
1305031462.759782 -2.102824 -0.106038 0.427725 -0.124800 0.414180 0.467707 0.770799
1305031462.791943 -2.117255 -0.100376 0.419679 -0.126181 0.408512 0.460447 0.777936
1305031462.827816 -2.123753 -0.089220 0.409112 -0.128834 0.402085 0.456508 0.783154
1305031462.859782 -2.129060 -0.067015 0.395799 -0.128817 0.395562 0.449724 0.790371
1305031462.891847 -2.134668 -0.051349 0.380047 -0.128393 0.394076 0.445844 0.793374
1305031462.927607 -2.139342 -0.045781 0.370138 -0.126432 0.391554 0.444415 0.795736
1305031462.959676 -2.139021 -0.041805 0.350400 -0.125058 0.387915 0.444481 0.797696
1305031462.995550 -2.139695 -0.044164 0.340263 -0.117895 0.384504 0.439936 0.802941
1305031463.027667 -2.142603 -0.041604 0.328009 -0.113250 0.380834 0.433853 0.808648
1305031463.059810 -2.152714 -0.026300 0.314123 -0.109841 0.374508 0.426238 0.816088
1305031463.127550 -2.149960 0.000311 0.278966 -0.102163 0.365557 0.407721 0.830479
1305031463.159787 -2.155890 0.004643 0.260720 -0.098811 0.364159 0.398129 0.836133
1305031463.195657 -2.161028 0.011704 0.242652 -0.099423 0.360743 0.390659 0.841050
1305031463.227784 -2.145363 0.015186 0.218414 -0.098692 0.357402 0.387362 0.844082
1305031463.260034 -2.152143 0.045170 0.208678 -0.093043 0.357636 0.380746 0.847627
1305031463.295737 -2.151656 0.030369 0.191308 -0.095320 0.357091 0.375488 0.849946
1305031463.327739 -2.146990 0.040675 0.183230 -0.092989 0.352449 0.374255 0.852681
1305031463.359750 -2.137920 0.047748 0.173976 -0.085566 0.348000 0.371068 0.856670
1305031463.395630 -2.142870 0.060550 0.167644 -0.081551 0.344025 0.365669 0.860978
1305031463.427716 -2.131888 0.079767 0.153299 -0.079320 0.338414 0.361537 0.865145
1305031463.459756 -2.122606 0.087866 0.137939 -0.077299 0.336543 0.358939 0.867137
1305031463.495629 -2.115850 0.103570 0.125008 -0.077746 0.337672 0.355838 0.867936
1305031463.527670 -2.103699 0.113549 0.109315 -0.077312 0.340210 0.354408 0.867568
1305031463.559751 -2.097963 0.115981 0.089028 -0.075511 0.341367 0.355220 0.866940
1305031463.595600 -2.091103 0.118979 0.072087 -0.074685 0.338239 0.356529 0.867700
1305031463.627588 -2.071207 0.127353 0.051509 -0.074560 0.332096 0.355859 0.870355
1305031463.659766 -2.063190 0.131778 0.030586 -0.067890 0.333123 0.352882 0.871719
1305031463.695640 -2.061710 0.134341 0.013022 -0.062138 0.335484 0.347867 0.873257
1305031463.727588 -2.043706 0.129954 -0.004652 -0.066645 0.331747 0.347130 0.874645
1305031463.759674 -2.029414 0.124028 -0.026658 -0.064821 0.334522 0.342674 0.875481
1305031463.795647 -2.026619 0.130227 -0.040983 -0.059870 0.338511 0.330575 0.878946
1305031463.827761 -2.014234 0.130911 -0.061177 -0.061247 0.337228 0.321885 0.882562
1305031463.859910 -2.001737 0.124190 -0.083493 -0.062625 0.337931 0.313498 0.885212
1305031463.895648 -1.995946 0.129817 -0.100417 -0.057320 0.342062 0.301606 0.888111
1305031463.927664 -1.984763 0.123972 -0.123356 -0.057338 0.338472 0.298224 0.890625
1305031463.959680 -1.974300 0.118595 -0.140035 -0.057157 0.334512 0.293276 0.893769
1305031463.995821 -1.968147 0.111187 -0.161353 -0.053802 0.331624 0.286411 0.897273
1305031464.027703 -1.963166 0.110209 -0.180666 -0.052404 0.328458 0.279337 0.900744
1305031464.059652 -1.950297 0.097890 -0.204753 -0.054441 0.324791 0.271830 0.904243
1305031464.095634 -1.948364 0.094030 -0.218193 -0.052231 0.327985 0.261202 0.906350
1305031464.127681 -1.946418 0.087763 -0.233616 -0.048407 0.328348 0.256493 0.907775
1305031464.159817 -1.938397 0.070399 -0.247980 -0.046284 0.324424 0.255330 0.909623
1305031464.195585 -1.934705 0.059235 -0.264251 -0.036392 0.318187 0.251481 0.913340
1305031464.227624 -1.934379 0.062152 -0.281085 -0.023843 0.308687 0.245003 0.918759
1305031464.259644 -1.939434 0.068389 -0.290110 -0.013638 0.296361 0.242461 0.923687
1305031464.295667 -1.929125 0.067033 -0.308548 -0.010136 0.276147 0.238321 0.931044
1305031464.327866 -1.912991 0.073971 -0.326373 -0.005255 0.259331 0.234603 0.936846
1305031464.359684 -1.897282 0.067965 -0.341367 -0.002050 0.248222 0.230562 0.940863
1305031464.395611 -1.881610 0.072816 -0.368432 0.003568 0.238820 0.224583 0.944730
1305031464.427634 -1.870300 0.073725 -0.384450 0.004799 0.236625 0.214903 0.947524
1305031464.459689 -1.862347 0.070652 -0.400257 0.006110 0.233886 0.207300 0.949888
1305031464.495633 -1.844860 0.071817 -0.426488 0.008471 0.229394 0.201213 0.952271
1305031464.527574 -1.843034 0.074402 -0.446029 0.009742 0.230428 0.192455 0.953818
1305031464.559703 -1.831094 0.069769 -0.461824 0.005798 0.226780 0.182145 0.956745
1305031464.595698 -1.803718 0.045791 -0.494022 0.001345 0.225474 0.172883 0.958786
1305031464.627672 -1.789729 0.041902 -0.515114 0.009185 0.235212 0.164157 0.957937
1305031464.659749 -1.788762 0.036595 -0.529042 0.015491 0.248758 0.147032 0.957215
1305031464.695663 -1.778555 0.010894 -0.548188 0.021408 0.259318 0.130457 0.956701
1305031464.727652 -1.790307 0.015795 -0.554738 0.039615 0.270036 0.109981 0.955728
1305031464.759740 -1.798362 0.026738 -0.563864 0.052422 0.269944 0.089459 0.957277
1305031464.796021 -1.794848 0.009230 -0.570077 0.056053 0.264991 0.071795 0.959939
1305031464.827759 -1.798034 0.012307 -0.559671 0.067677 0.255688 0.056054 0.962757
1305031464.859654 -1.790484 0.027545 -0.570012 0.076647 0.234932 0.042134 0.968069
1305031464.895817 -1.766349 0.033175 -0.578703 0.075106 0.216778 0.024789 0.973012
1305031464.927799 -1.725738 0.020702 -0.587175 0.068056 0.197735 0.006555 0.977868
1305031464.959763 -1.691369 0.018845 -0.583617 0.069412 0.188168 -0.009379 0.979636
1305031464.995687 -1.667791 0.021928 -0.592877 0.073936 0.184613 -0.027460 0.979642
1305031465.027823 -1.660464 0.012095 -0.590564 0.075697 0.184100 -0.049729 0.978726
1305031465.059749 -1.652194 0.036611 -0.577342 0.083658 0.181006 -0.070955 0.977345
1305031465.095700 -1.628742 0.074216 -0.561349 0.082537 0.164600 -0.084822 0.979234
1305031465.127664 -1.599677 0.080576 -0.554342 0.064274 0.146142 -0.096301 0.982465
1305031465.159842 -1.580746 0.083166 -0.537631 0.047178 0.132377 -0.101954 0.984813
1305031465.195564 -1.558721 0.083327 -0.524245 0.033179 0.118512 -0.108040 0.986499
1305031465.227907 -1.535393 0.099536 -0.511871 0.023129 0.105983 -0.111840 0.987788
1305031465.259807 -1.515769 0.102713 -0.495760 0.011163 0.094731 -0.111498 0.989176
1305031465.327674 -1.479457 0.131012 -0.475971 0.003690 0.070851 -0.088351 0.993560
1305031465.359948 -1.453488 0.137117 -0.468815 0.001531 0.051613 -0.072632 0.996021
1305031465.395586 -1.426338 0.140499 -0.468738 0.003583 0.030128 -0.060403 0.997713
1305031465.427697 -1.393028 0.158532 -0.460355 0.008816 0.014529 -0.049116 0.998649
1305031465.460125 -1.365070 0.167721 -0.466746 0.012587 0.002841 -0.035774 0.999277
1305031465.495703 -1.335540 0.196940 -0.462320 0.014117 -0.010401 -0.025726 0.999515
1305031465.527622 -1.321096 0.191769 -0.461318 0.010691 -0.021123 -0.023048 0.999454
1305031465.559812 -1.292490 0.211974 -0.461864 0.017770 -0.031721 -0.017862 0.999179
1305031465.595599 -1.263935 0.239465 -0.465692 0.026660 -0.040016 -0.008552 0.998807
1305031465.627688 -1.247836 0.248489 -0.472052 0.031737 -0.043091 0.000337 0.998567
1305031465.660060 -1.219045 0.261789 -0.480469 0.036736 -0.054010 0.009714 0.997817
1305031465.695668 -1.186703 0.280948 -0.481509 0.044444 -0.065239 0.016819 0.996737
1305031465.727682 -1.164014 0.302529 -0.486299 0.053330 -0.070020 0.026919 0.995755
1305031465.759766 -1.143279 0.324075 -0.491582 0.061510 -0.075798 0.035871 0.994578
1305031465.795937 -1.108048 0.341444 -0.494112 0.068116 -0.080903 0.042087 0.993501
1305031465.827996 -1.095872 0.357987 -0.490869 0.075671 -0.085598 0.048279 0.992278
1305031465.859861 -1.072584 0.389031 -0.492061 0.090354 -0.088479 0.052617 0.990575
1305031465.895494 -1.032837 0.408997 -0.496250 0.094479 -0.087686 0.055748 0.990089
1305031465.927495 -1.012703 0.428383 -0.491499 0.098526 -0.082102 0.057229 0.990089
1305031465.959710 -0.992543 0.451576 -0.496586 0.110391 -0.074097 0.056201 0.989528
1305031465.995753 -0.980519 0.475874 -0.510430 0.118145 -0.065757 0.052462 0.989427
1305031466.027644 -0.964962 0.500670 -0.510649 0.126095 -0.064774 0.050561 0.988609
1305031466.059757 -0.947866 0.533083 -0.513882 0.127242 -0.063900 0.052007 0.988444
1305031466.095840 -0.934248 0.555352 -0.516091 0.123828 -0.065591 0.052126 0.988761
1305031466.127640 -0.920052 0.574030 -0.521445 0.118260 -0.070753 0.051738 0.989107
1305031466.160428 -0.912836 0.592056 -0.529103 0.113600 -0.074349 0.052476 0.989350
1305031466.227951 -0.878602 0.618686 -0.546170 0.095766 -0.094397 0.048736 0.989719
1305031466.259815 -0.857149 0.611574 -0.556528 0.090287 -0.098995 0.041146 0.990129
1305031466.295737 -0.840580 0.625763 -0.572246 0.093748 -0.093216 0.029539 0.990782
1305031466.327702 -0.825368 0.643054 -0.585677 0.096197 -0.083406 0.020138 0.991657
1305031466.359829 -0.818518 0.650010 -0.596845 0.089659 -0.071457 0.013899 0.993309
1305031466.495809 -0.751597 0.675520 -0.639952 0.090423 -0.080210 -0.000059 0.992668
1305031466.527538 -0.724309 0.677146 -0.645511 0.088594 -0.079561 0.000103 0.992885
1305031466.560353 -0.713535 0.690646 -0.652775 0.088539 -0.075535 -0.001328 0.993204
1305031466.595936 -0.690029 0.700328 -0.655743 0.081090 -0.076501 -0.005092 0.993753
1305031466.627549 -0.663013 0.689977 -0.655499 0.071541 -0.076165 -0.008986 0.994485
1305031466.659688 -0.645349 0.697320 -0.660418 0.078918 -0.071055 -0.014327 0.994242
1305031466.695822 -0.626388 0.715432 -0.667901 0.083163 -0.071119 -0.022016 0.993751
1305031466.728074 -0.610639 0.719230 -0.663831 0.076201 -0.074421 -0.031268 0.993820
1305031466.759637 -0.590603 0.715186 -0.662200 0.074751 -0.076236 -0.039202 0.993511
1305031466.795604 -0.576560 0.730977 -0.664708 0.084081 -0.076316 -0.045059 0.992510
1305031466.827879 -0.557063 0.737327 -0.673301 0.083011 -0.081317 -0.048514 0.992040
1305031466.859665 -0.544911 0.729163 -0.676877 0.077498 -0.086982 -0.048050 0.992028
1305031466.895694 -0.531066 0.735308 -0.682152 0.083609 -0.096800 -0.048615 0.990594
1305031466.927756 -0.515430 0.739434 -0.683806 0.084562 -0.111910 -0.051390 0.988779
1305031466.959728 -0.486099 0.737293 -0.689294 0.083887 -0.124954 -0.053510 0.987161
1305031467.027843 -0.445833 0.743549 -0.692558 0.087798 -0.137490 -0.059998 0.984778
1305031467.059700 -0.429910 0.746299 -0.692666 0.088165 -0.140098 -0.063475 0.984160
1305031467.095687 -0.414540 0.753521 -0.693546 0.086892 -0.141052 -0.068026 0.983833
1305031467.128974 -0.400127 0.753025 -0.692426 0.087141 -0.144877 -0.078953 0.982438
1305031467.159660 -0.386828 0.756213 -0.688555 0.089519 -0.147982 -0.086833 0.981095
1305031467.195663 -0.373909 0.759739 -0.692200 0.091509 -0.152173 -0.091182 0.979875
1305031467.227704 -0.362322 0.756525 -0.702395 0.091993 -0.158892 -0.096523 0.978250
1305031467.259694 -0.347154 0.755955 -0.705603 0.093933 -0.164081 -0.101184 0.976737
1305031467.295846 -0.327400 0.758852 -0.706853 0.097518 -0.170463 -0.107699 0.974594
1305031467.328008 -0.317958 0.759560 -0.713475 0.098819 -0.175480 -0.113027 0.972968
1305031467.359654 -0.298768 0.768942 -0.713519 0.097614 -0.183141 -0.114638 0.971488
1305031467.395756 -0.282272 0.766807 -0.711050 0.091726 -0.190797 -0.120632 0.969861
1305031467.427783 -0.269116 0.770578 -0.710145 0.090406 -0.197752 -0.123902 0.968178
1305031467.459692 -0.254659 0.775770 -0.713858 0.091675 -0.204137 -0.124925 0.966601
1305031467.527663 -0.218796 0.775856 -0.716683 0.083475 -0.216004 -0.138365 0.962927
1305031467.559763 -0.207281 0.774772 -0.714276 0.083385 -0.217325 -0.140778 0.962288
1305031467.595989 -0.191544 0.774304 -0.715781 0.082997 -0.219742 -0.139005 0.962030
1305031467.627532 -0.181627 0.766677 -0.714722 0.084039 -0.224539 -0.136811 0.961146
1305031467.659626 -0.169416 0.760069 -0.713251 0.089312 -0.229977 -0.133183 0.959894
1305031467.695886 -0.152754 0.761015 -0.711220 0.094049 -0.234717 -0.134992 0.958040
1305031467.727535 -0.144210 0.751170 -0.699458 0.098126 -0.237190 -0.140283 0.956260
1305031467.759907 -0.135796 0.747053 -0.691005 0.104839 -0.239153 -0.142070 0.954794
1305031467.796075 -0.124154 0.740715 -0.684707 0.109092 -0.242835 -0.144649 0.952999
1305031467.827800 -0.111428 0.725186 -0.671687 0.113149 -0.246820 -0.145201 0.951417
1305031467.859729 -0.108654 0.718418 -0.663582 0.118876 -0.251051 -0.141978 0.950097
1305031467.895947 -0.099180 0.714517 -0.653237 0.124489 -0.259814 -0.141040 0.947157
1305031467.927754 -0.092076 0.703156 -0.637760 0.128009 -0.267592 -0.144259 0.944032
1305031467.959826 -0.081916 0.688384 -0.621869 0.134010 -0.274770 -0.144834 0.941045
1305031467.995754 -0.070653 0.687632 -0.606575 0.138397 -0.277989 -0.147373 0.939069
1305031468.028107 -0.067268 0.669054 -0.589609 0.135898 -0.279696 -0.150096 0.938495
1305031468.059850 -0.067032 0.648528 -0.578656 0.139261 -0.282325 -0.152799 0.936777
1305031468.095867 -0.061424 0.643719 -0.560906 0.143225 -0.286253 -0.154582 0.934693
1305031468.127816 -0.057245 0.628962 -0.539546 0.140749 -0.289113 -0.156081 0.933939
1305031468.159864 -0.052776 0.613613 -0.523515 0.142312 -0.292042 -0.159256 0.932254
1305031468.195985 -0.044987 0.600371 -0.507281 0.142060 -0.294419 -0.163095 0.930879
1305031468.228158 -0.037100 0.577898 -0.495313 0.138552 -0.294899 -0.163527 0.931180
1305031468.259754 -0.025821 0.555444 -0.480051 0.136270 -0.295623 -0.162394 0.931486
1305031468.295830 -0.022070 0.539084 -0.466438 0.134760 -0.294334 -0.162918 0.932022
1305031468.327847 -0.016837 0.509540 -0.457313 0.132690 -0.292986 -0.161936 0.932914
1305031468.359787 -0.010511 0.496051 -0.449780 0.135551 -0.290481 -0.156735 0.934174
1305031468.395860 -0.004102 0.477270 -0.447021 0.132447 -0.289761 -0.156241 0.934925
1305031468.428025 -0.002817 0.453645 -0.436711 0.125563 -0.289746 -0.157236 0.935712
1305031468.459759 0.000559 0.433131 -0.431224 0.124053 -0.290922 -0.155991 0.935757
1305031468.495809 0.003704 0.416384 -0.420747 0.121123 -0.290846 -0.156215 0.936127
1305031468.527756 0.003561 0.390322 -0.418496 0.118354 -0.288030 -0.162558 0.936273
1305031468.559739 0.000903 0.364565 -0.418428 0.123319 -0.287794 -0.170784 0.934238
1305031468.595768 0.001247 0.354273 -0.417900 0.126744 -0.288676 -0.176450 0.932452
1305031468.627626 -0.002292 0.338854 -0.413886 0.119804 -0.289705 -0.178463 0.932668
1305031468.659579 -0.012314 0.307701 -0.415940 0.114215 -0.292070 -0.180518 0.932236
1305031468.695835 -0.016041 0.287253 -0.416694 0.117395 -0.298697 -0.183230 0.929207
1305031468.727785 -0.021153 0.272153 -0.418956 0.121169 -0.304924 -0.183902 0.926563
1305031468.759628 -0.022902 0.256708 -0.411900 0.121965 -0.309619 -0.183843 0.924912
1305031468.795796 -0.028593 0.233522 -0.410517 0.124105 -0.311746 -0.189260 0.922818
1305031468.829247 -0.033569 0.224074 -0.411466 0.133223 -0.313467 -0.194410 0.919889
1305031468.859659 -0.028644 0.219064 -0.405846 0.137853 -0.314714 -0.197994 0.918014
1305031468.895873 -0.035924 0.201445 -0.404585 0.135021 -0.310000 -0.199793 0.919648
1305031468.928141 -0.038163 0.194345 -0.400580 0.131361 -0.303184 -0.197551 0.922928
1305031468.959594 -0.042494 0.192598 -0.398145 0.124212 -0.298002 -0.193692 0.926418
1305031468.995711 -0.046015 0.198003 -0.398322 0.112077 -0.292993 -0.199446 0.928340
1305031469.027699 -0.055617 0.183771 -0.389077 0.091020 -0.290352 -0.207920 0.929613
1305031469.059832 -0.066978 0.180974 -0.387445 0.079633 -0.287185 -0.217007 0.929565
1305031469.095723 -0.061999 0.176670 -0.374235 0.069238 -0.288671 -0.227232 0.927492
1305031469.127679 -0.066731 0.163424 -0.366710 0.054412 -0.280795 -0.240271 0.927612
1305031469.195540 -0.085836 0.141455 -0.342107 0.036441 -0.262026 -0.253942 0.930337
1305031469.227754 -0.102036 0.132614 -0.335653 0.031478 -0.255259 -0.257690 0.931369
1305031469.296754 -0.115374 0.124948 -0.316313 0.022203 -0.247475 -0.264803 0.931742
1305031469.327618 -0.124554 0.129523 -0.308089 0.019473 -0.242905 -0.266786 0.932440
1305031469.359592 -0.117113 0.126382 -0.284761 0.010034 -0.240591 -0.272694 0.931479
1305031469.395695 -0.124558 0.120614 -0.277737 0.007859 -0.228441 -0.279312 0.932597
1305031469.427651 -0.129234 0.127767 -0.258885 0.009541 -0.215040 -0.285324 0.933947
1305031469.459668 -0.141803 0.140810 -0.250554 0.010305 -0.203828 -0.292423 0.934257
1305031469.495744 -0.155256 0.144278 -0.244985 0.009935 -0.194569 -0.296260 0.935026
1305031469.527622 -0.156520 0.161528 -0.229026 0.007581 -0.195138 -0.297175 0.934639
1305031469.559645 -0.162918 0.170953 -0.215628 0.000864 -0.195292 -0.298310 0.934276
1305031469.595755 -0.159384 0.181587 -0.203491 -0.010003 -0.197381 -0.299120 0.933525
1305031469.627752 -0.166319 0.175007 -0.186711 -0.018797 -0.197083 -0.297808 0.933871
1305031469.695613 -0.181767 0.187847 -0.161440 -0.029717 -0.188431 -0.297058 0.935611
1305031469.727679 -0.180851 0.197898 -0.147372 -0.035485 -0.184450 -0.293844 0.937217
1305031469.759599 -0.190251 0.216300 -0.136156 -0.042073 -0.179918 -0.291773 0.938471
1305031469.795621 -0.201525 0.229409 -0.127661 -0.048957 -0.176930 -0.290125 0.939216
1305031469.827526 -0.208701 0.248804 -0.119705 -0.055988 -0.178869 -0.287181 0.939360
1305031469.859574 -0.216076 0.263435 -0.104587 -0.062184 -0.180100 -0.284452 0.939566
1305031469.895755 -0.221857 0.264461 -0.100843 -0.067595 -0.180476 -0.281523 0.940002
1305031469.927854 -0.234990 0.287204 -0.093396 -0.072886 -0.182024 -0.279444 0.939929
1305031469.959805 -0.250739 0.308352 -0.087165 -0.076044 -0.183378 -0.278844 0.939594
1305031469.995551 -0.252583 0.339302 -0.081898 -0.075904 -0.185217 -0.274636 0.940483
1305031470.059638 -0.278354 0.355587 -0.077385 -0.079761 -0.184972 -0.272460 0.940845
1305031470.095944 -0.285692 0.366012 -0.078848 -0.081597 -0.185422 -0.269023 0.941588
1305031470.127633 -0.300434 0.387840 -0.075008 -0.086740 -0.186067 -0.267914 0.941317
1305031470.159626 -0.315212 0.401903 -0.077660 -0.089992 -0.186534 -0.264204 0.941967
1305031470.196092 -0.329090 0.419829 -0.085901 -0.091229 -0.184566 -0.262710 0.942654
1305031470.227618 -0.343182 0.440039 -0.090418 -0.095685 -0.184089 -0.259575 0.943174
1305031470.259965 -0.348668 0.430262 -0.092370 -0.102805 -0.184505 -0.254734 0.943663
1305031470.295718 -0.364265 0.447009 -0.094548 -0.108493 -0.182709 -0.253333 0.943753
1305031470.327644 -0.382924 0.467764 -0.097163 -0.116094 -0.182212 -0.251506 0.943433
1305031470.359624 -0.393905 0.480231 -0.098880 -0.124301 -0.184760 -0.245888 0.943373
1305031470.395823 -0.399981 0.491324 -0.101770 -0.127983 -0.185033 -0.239582 0.944449
1305031470.427641 -0.415737 0.502707 -0.107352 -0.129803 -0.186555 -0.238134 0.944267
1305031470.495686 -0.440720 0.498391 -0.110992 -0.129682 -0.187745 -0.237919 0.944102
1305031470.527689 -0.456393 0.529008 -0.115543 -0.129973 -0.188810 -0.239221 0.943521
1305031470.559677 -0.467532 0.534813 -0.118045 -0.133072 -0.188832 -0.240178 0.942841
1305031470.595760 -0.478579 0.537535 -0.125169 -0.136318 -0.188410 -0.238230 0.942956
1305031470.627729 -0.491369 0.540701 -0.132134 -0.139033 -0.186750 -0.229931 0.944947
1305031470.659690 -0.493433 0.524930 -0.129192 -0.142303 -0.186646 -0.228401 0.944853
1305031470.695630 -0.514215 0.548693 -0.132636 -0.144790 -0.185998 -0.227117 0.944912
1305031470.727654 -0.526749 0.567437 -0.134912 -0.143755 -0.184290 -0.223099 0.946361
1305031470.759682 -0.536656 0.568682 -0.138238 -0.150111 -0.181799 -0.221268 0.946286
1305031470.795615 -0.542849 0.569169 -0.138736 -0.151245 -0.176043 -0.215243 0.948580
1305031470.827831 -0.554732 0.567278 -0.139928 -0.148369 -0.174463 -0.209172 0.950682
1305031470.859645 -0.562047 0.558768 -0.138871 -0.143949 -0.174536 -0.205054 0.952244
1305031470.895722 -0.567860 0.578845 -0.142786 -0.143773 -0.177649 -0.201410 0.952473
1305031470.927684 -0.578702 0.571237 -0.144253 -0.141373 -0.181279 -0.196547 0.953164
1305031470.959647 -0.592012 0.574220 -0.151692 -0.133165 -0.184746 -0.193115 0.954381
1305031470.995996 -0.590717 0.570415 -0.156000 -0.126923 -0.185220 -0.192296 0.955304
1305031471.027644 -0.605570 0.556930 -0.159074 -0.118918 -0.184371 -0.190434 0.956870
1305031471.059636 -0.614218 0.563371 -0.168339 -0.110097 -0.181057 -0.185428 0.959538
1305031471.095777 -0.624402 0.566055 -0.174377 -0.102294 -0.178288 -0.178483 0.962233
1305031471.127663 -0.628660 0.570083 -0.174699 -0.095002 -0.181060 -0.170246 0.963955
1305031471.159649 -0.622317 0.572494 -0.177645 -0.085654 -0.182056 -0.161488 0.966147
1305031471.195703 -0.633971 0.572677 -0.182966 -0.081121 -0.179697 -0.155613 0.967943
1305031471.227569 -0.635176 0.577712 -0.181713 -0.084287 -0.174230 -0.151910 0.969259
1305031471.259722 -0.645442 0.572663 -0.182463 -0.083831 -0.173322 -0.147866 0.970086
1305031471.296068 -0.650131 0.571799 -0.186324 -0.085461 -0.171665 -0.143302 0.970923
1305031471.327642 -0.650262 0.570164 -0.188343 -0.080009 -0.167875 -0.142363 0.972188
1305031471.359615 -0.654878 0.570069 -0.192490 -0.078763 -0.158180 -0.141393 0.974055
1305031471.395730 -0.668215 0.562010 -0.197860 -0.081372 -0.149058 -0.137326 0.975860
1305031471.427704 -0.682437 0.561991 -0.203286 -0.077797 -0.144298 -0.129848 0.977888
1305031471.459647 -0.679219 0.568852 -0.204134 -0.075800 -0.144944 -0.124682 0.978621
1305031471.496491 -0.678233 0.565065 -0.204623 -0.078690 -0.144697 -0.120326 0.978975
1305031471.559671 -0.687836 0.563474 -0.212176 -0.080786 -0.142567 -0.113740 0.979904
1305031471.595702 -0.684628 0.567573 -0.212398 -0.078584 -0.137385 -0.111063 0.981129
1305031471.627621 -0.689026 0.566771 -0.214775 -0.078398 -0.133242 -0.108889 0.981959
1305031471.659642 -0.693046 0.566418 -0.222530 -0.077675 -0.127372 -0.105627 0.983151
1305031471.695609 -0.695006 0.568708 -0.225979 -0.073216 -0.121964 -0.101121 0.984652
1305031471.727501 -0.695506 0.567015 -0.229582 -0.074882 -0.117912 -0.096483 0.985485
1305031471.759702 -0.694973 0.564160 -0.229932 -0.078103 -0.113613 -0.091783 0.986189
1305031471.795801 -0.696417 0.568927 -0.233389 -0.075904 -0.106495 -0.083925 0.987853
1305031471.827639 -0.703366 0.574781 -0.236256 -0.079309 -0.099662 -0.077945 0.988788
1305031471.859665 -0.702655 0.571601 -0.236025 -0.084487 -0.095502 -0.072045 0.989217
1305031471.895604 -0.708189 0.580704 -0.237654 -0.084710 -0.090142 -0.066090 0.990117
1305031471.927651 -0.705501 0.583097 -0.235439 -0.092584 -0.086253 -0.061904 0.990029
1305031471.959643 -0.709813 0.577694 -0.232979 -0.097722 -0.078399 -0.060093 0.990299
1305031471.995573 -0.712172 0.592397 -0.234646 -0.092296 -0.069546 -0.056361 0.991700
1305031472.027638 -0.720152 0.586126 -0.238647 -0.101323 -0.062016 -0.054974 0.991396
1305031472.059668 -0.723637 0.583776 -0.237038 -0.108351 -0.057727 -0.051659 0.991090
1305031472.095601 -0.727938 0.594502 -0.238376 -0.104633 -0.051829 -0.046124 0.992088
1305031472.127594 -0.735103 0.591618 -0.238843 -0.112011 -0.045699 -0.044452 0.991660
1305031472.159645 -0.740219 0.589113 -0.235946 -0.117505 -0.045700 -0.043120 0.991083
1305031472.195682 -0.742488 0.585716 -0.235555 -0.116272 -0.043057 -0.039472 0.991498
1305031472.227626 -0.746511 0.598053 -0.236964 -0.108618 -0.041800 -0.036312 0.992540
1305031472.263840 -0.747590 0.588219 -0.236688 -0.112700 -0.040329 -0.035908 0.992161
1305031472.295671 -0.755090 0.586296 -0.238708 -0.104255 -0.037437 -0.033306 0.993288
1305031472.327678 -0.752782 0.594050 -0.240112 -0.093802 -0.035389 -0.030362 0.994498
1305031472.363577 -0.755943 0.592252 -0.243905 -0.096762 -0.035473 -0.029217 0.994246
1305031472.395599 -0.755814 0.586777 -0.243041 -0.097312 -0.036957 -0.027463 0.994188
1305031472.427686 -0.754119 0.592942 -0.243269 -0.095206 -0.041666 -0.026865 0.994222
1305031472.463603 -0.755308 0.590026 -0.242652 -0.092845 -0.043155 -0.027806 0.994356
1305031472.495626 -0.754968 0.582952 -0.243330 -0.091719 -0.040756 -0.028515 0.994542
1305031472.527625 -0.754688 0.569837 -0.241357 -0.098790 -0.038165 -0.028550 0.993966
1305031472.595675 -0.752889 0.577020 -0.243491 -0.084734 -0.040967 -0.023470 0.995284
1305031472.627701 -0.751923 0.572633 -0.243497 -0.085367 -0.042012 -0.021902 0.995223
1305031472.663575 -0.746972 0.567989 -0.242177 -0.086034 -0.043239 -0.020241 0.995148
1305031472.695755 -0.748247 0.564598 -0.240788 -0.084936 -0.043851 -0.018691 0.995246
1305031472.727628 -0.746295 0.557292 -0.242283 -0.083645 -0.044906 -0.018586 0.995310
1305031472.763578 -0.745038 0.555986 -0.241536 -0.082099 -0.045313 -0.020142 0.995390
1305031472.795640 -0.741691 0.555731 -0.239882 -0.079691 -0.045176 -0.021329 0.995567
1305031472.827627 -0.742247 0.556903 -0.238341 -0.076858 -0.044105 -0.021541 0.995833
1305031472.863598 -0.742899 0.551219 -0.237767 -0.074204 -0.043798 -0.019393 0.996092
1305031472.895713 -0.743504 0.549797 -0.237536 -0.073586 -0.044459 -0.017599 0.996142
1305031472.927685 -0.739957 0.551513 -0.233590 -0.075153 -0.047306 -0.016037 0.995920
1305031472.963756 -0.738671 0.549526 -0.232205 -0.074654 -0.046951 -0.014728 0.995995
1305031472.995704 -0.739261 0.550269 -0.231741 -0.076383 -0.047088 -0.013679 0.995872
1305031473.027638 -0.737929 0.543573 -0.232117 -0.077493 -0.049127 -0.013654 0.995688
1305031473.063684 -0.740661 0.543370 -0.231457 -0.078295 -0.049303 -0.015025 0.995597
1305031473.095695 -0.741496 0.543759 -0.231076 -0.077463 -0.048741 -0.017211 0.995654
1305031473.127744 -0.739492 0.546337 -0.229730 -0.077662 -0.047450 -0.018301 0.995682
1305031473.167060 -0.742417 0.547690 -0.229775 -0.076957 -0.047171 -0.018571 0.995745
1305031473.196069 -0.740747 0.542387 -0.229400 -0.075863 -0.048393 -0.018523 0.995771
